Layernorm
layer-norm-forward:
        N         LEGO       Triton        Torch
0   128.0   160.234719   170.666661   122.268655
1   256.0   332.670049   344.926305   234.057137
2   512.0   564.965503   590.414408   388.361471
3  1024.0   810.336966   807.839761   633.963716
4  2048.0   973.608124  1034.098581   827.605377
5  4096.0  1280.312564  1212.927696  1000.549669
6  8192.0  1442.829025  1301.770294   974.966026
layer-norm-backward:
        N         LEGO       Triton       Torch
0   128.0    16.425062    16.682901   81.444905
1   256.0    44.897921    45.238840  155.790815
2   512.0    90.104488    90.083850  286.600589
3  1024.0   178.897181   178.734546  380.470264
4  2048.0   363.752093   357.144414  527.275915
5  4096.0   712.186572   706.428901  582.758045
6  8192.0  1027.344209  1022.668432  581.465411
