A B
matmul-performance-fp16:
        M       N       K      cuBLAS      Triton        LEGO
0   128.0   128.0   128.0    0.439839    0.502192    0.451972
1   256.0   256.0   256.0    3.415557    3.318279    3.653575
2   512.0   512.0   512.0   23.172951   20.789612   21.290883
3  1024.0  1024.0  1024.0  103.563064   91.056800   94.786534
4  2048.0  2048.0  2048.0  232.915788  189.372460  189.272323
5  4096.0  4096.0  4096.0  245.602135  243.603160  242.475442
6  8192.0  8192.0  8192.0  250.771726  250.833977  250.152804
matmul-performance-fp8:
        M       N       K      Triton        LEGO
0   128.0   128.0   128.0    0.471482    0.439839
1   256.0   256.0   256.0    3.297409    3.307811
2   512.0   512.0   512.0   17.549389   17.512751
3  1024.0  1024.0  1024.0   61.008059   61.851488
4  2048.0  2048.0  2048.0  124.737660  123.107297
5  4096.0  4096.0  4096.0  166.194609  162.276322
6  8192.0  8192.0  8192.0  175.193057  176.516988
A B^T
matmul-performance-fp16:
        M       N       K      cuBLAS      Triton        LEGO
0   128.0   128.0   128.0    0.494611    0.496485    0.468952
1   256.0   256.0   256.0    3.718355    3.628291    3.628291
2   512.0   512.0   512.0   23.899168   21.426840   22.671914
3  1024.0  1024.0  1024.0   87.781379   89.837839   88.768339
4  2048.0  2048.0  2048.0  228.164435  183.294954  182.920243
5  4096.0  4096.0  4096.0  235.340677  241.895022  233.257337
6  8192.0  8192.0  8192.0  247.794922  253.583960  244.398485
matmul-performance-fp8:
        M       N       K      Triton        LEGO
0   128.0   128.0   128.0    0.450419    0.496485
1   256.0   256.0   256.0    3.246365    3.377056
2   512.0   512.0   512.0   22.550021   22.982487
3  1024.0  1024.0  1024.0   82.140593   83.886082
4  2048.0  2048.0  2048.0  197.888288  195.296805
5  4096.0  4096.0  4096.0  232.191765  226.253337
6  8192.0  8192.0  8192.0  240.856443  232.111782
A^T B
matmul-performance-fp16:
        M       N       K      cuBLAS      Triton        LEGO
0   128.0   128.0   128.0    0.390095    0.414785    0.506070
1   256.0   256.0   256.0    3.371627    3.578758    3.603354
2   512.0   512.0   512.0   22.733356   21.732145   20.919222
3  1024.0  1024.0  1024.0   97.400382   91.180520   93.858555
4  2048.0  2048.0  2048.0  217.797538  185.832776  184.175265
5  4096.0  4096.0  4096.0  246.752116  241.840552  242.530199
6  8192.0  8192.0  8192.0  241.198835  250.120948  255.023792
matmul-performance-fp8:
        M       N       K      Triton        LEGO
0   128.0   128.0   128.0    0.419430    0.421453
1   256.0   256.0   256.0    2.896619    2.888639
2   512.0   512.0   512.0   15.060338   15.114610
3  1024.0  1024.0  1024.0   48.003477   48.489066
4  2048.0  2048.0  2048.0   91.929947   95.545630
5  4096.0  4096.0  4096.0  109.854140  121.450274
6  8192.0  8192.0  8192.0  116.001616  132.085773
A^T B^T
matmul-performance-fp16:
        M       N       K      cuBLAS      Triton        LEGO
0   128.0   128.0   128.0    0.455111    0.500275    0.500275
1   256.0   256.0   256.0    3.008827    3.158361    3.591014
2   512.0   512.0   512.0   22.610803   21.345059   20.485001
3  1024.0  1024.0  1024.0   90.626421   94.920596   91.118618
4  2048.0  2048.0  2048.0  195.938296  189.372460  187.914208
5  4096.0  4096.0  4096.0  237.461568  241.616080  239.908788
6  8192.0  8192.0  8192.0  237.317228  253.325955  249.527857
matmul-performance-fp8:
        M       N       K      Triton        LEGO
0   128.0   128.0   128.0    0.450419    0.421453
1   256.0   256.0   256.0    3.276800    3.102296
2   512.0   512.0   512.0   18.600018   16.912516
3  1024.0  1024.0  1024.0   67.480004   64.902192
4  2048.0  2048.0  2048.0  147.532540  141.430692
5  4096.0  4096.0  4096.0  184.025338  174.125001
6  8192.0  8192.0  8192.0  193.128804  181.820168
